     2.0  -1.6060  29.6220
    11.9  -1.6190  29.6940
    21.8  -1.4040  30.9580
    31.7  -1.3270  31.7510
    41.6  -1.4270  32.0190
    51.5  -1.4450  32.2400
    61.4  -1.2490  32.4140
    71.3  -1.3120  32.5150
    81.1  -1.4620  32.6190
    91.0  -1.3940  32.7560
   100.9  -1.4500  32.8440
   110.8  -1.4890  32.9440
   120.7  -1.4320  33.0620
   130.6  -1.4170  33.1820
   140.5  -1.3720  33.3620
   150.4  -1.2770  33.5490
   160.3  -1.1200  33.7690
   170.2  -0.9300  33.9720
   180.1  -0.7210  34.1810
   190.0  -0.5560  34.3360
   199.8  -0.4600  34.4230
   209.7  -0.3570  34.4930
   219.6  -0.2780  34.5340
   229.5  -0.1840  34.5790
   239.4  -0.1040  34.6090
   249.3  -0.0040  34.6480
   260.2   0.0630  34.6720
   270.0   0.1200  34.6920
   279.9   0.1600  34.7060
   289.8   0.2060  34.7210
   299.7   0.2530  34.7370
   309.6   0.2920  34.7510
   319.5   0.3020  34.7580
   329.3   0.3150  34.7630
   339.2   0.3290  34.7710
   349.1   0.3400  34.7760
   359.0   0.3520  34.7830
   368.9   0.3620  34.7880
   378.8   0.3690  34.7920
   388.6   0.3800  34.7980
   398.5   0.3880  34.8020
   408.4   0.3950  34.8060
   418.3   0.3990  34.8090
   428.1   0.4060  34.8130
   438.0   0.4100  34.8150
   447.9   0.4110  34.8180
   457.8   0.4150  34.8220
   467.7   0.4180  34.8250
   477.5   0.4230  34.8290
   487.4   0.4250  34.8300
   497.3   0.4280  34.8320
   507.1   0.4280  34.8340
   517.0   0.4260  34.8370
   526.9   0.4250  34.8390
   536.8   0.4170  34.8400
   546.6   0.4150  34.8410
   556.5   0.3980  34.8420
   566.4   0.3890  34.8430
   576.3   0.3830  34.8440
   586.1   0.3740  34.8460
   596.0   0.3650  34.8470
   605.9   0.3540  34.8490
   615.7   0.3470  34.8500
   625.6   0.3350  34.8510
   635.5   0.3270  34.8520
   645.3   0.3180  34.8530
   655.2   0.3000  34.8530
   665.1   0.2910  34.8540
   674.9   0.2780  34.8560
   684.8   0.2710  34.8560
   694.7   0.2670  34.8570
   704.5   0.2620  34.8570
   714.4   0.2520  34.8580
   724.3   0.2420  34.8580
   734.1   0.2300  34.8590
   744.0   0.2210  34.8600
   753.8   0.2130  34.8600
   763.7   0.2020  34.8610
   773.6   0.1930  34.8610
   783.4   0.1820  34.8620
   793.3   0.1720  34.8630
   803.1   0.1660  34.8630
   813.0   0.1490  34.8640
   822.9   0.1260  34.8650
   832.7   0.1150  34.8650
   842.6   0.1130  34.8660
   852.4   0.1120  34.8660
   862.3   0.1110  34.8660
   872.2   0.1070  34.8670
   882.0   0.1040  34.8670
   891.9   0.0880  34.8670
   901.7   0.0750  34.8680
   911.6   0.0600  34.8690
   921.4   0.0520  34.8690
   931.3   0.0450  34.8700
   941.1   0.0360  34.8700
   951.0   0.0290  34.8700
   960.8   0.0210  34.8710
   970.7   0.0120  34.8710
  1200.0   0.0100  34.8720


last depth of 977.6 was replaced by 1200