96 192 32  30 2 1 1.d-10

96 192 64  30 2 1 1.d-10


96 384 32  30 2 1 1.d-10

192 384 32  30 2 1 1.d-10




192  192  32  30 2 1 1.d-10





96 192 32  30 2 1 1.d-10


24 48 24 30 2 1 1.d-10




12 24 24 30 2 1 1.d-10

48 96 24  30 2 1 1.d-10


192 384 24  30 2 1 1.d-10






16 96 24  30 2 1 1.d-10


48 48 24  30 2 1 1.d-7

32 32 16 30 2 1 1.d-7


48 24 16 30 2 1 1.d-6

we changed the tol to 10^-6 after we changed the defn of tol in mgrid to
edt*(what is specified here)
48 32 16 30 2 1 1.d-4

48 32 16 50 2 1 1.d-3



